[cam_0]
name = "A"
size = [ 1920, 1080,]
matrix = [ [ 1333.8212858621298, 0.0, 959.5,], [ 0.0, 1333.8212858621298, 539.5,], [ 0.0, 0.0, 1.0,],]
distortions = [ -0.10498822671954246, 0.0, 0.0, 0.0, 0.0,]
rotation = [ 0.005443888724208345, 0.012167618473924419, 0.00614538900752937,]
translation = [ -17.678321704450575, 8.87641185563395, -34.36797105755403,]

[cam_1]
name = "B"
size = [ 1920, 1080,]
matrix = [ [ 1351.2164945662382, 0.0, 959.5,], [ 0.0, 1351.2164945662382, 539.5,], [ 0.0, 0.0, 1.0,],]
distortions = [ -0.17464220930686872, 0.0, 0.0, 0.0, 0.0,]
rotation = [ -0.04866128311997573, 0.8017752025422054, -0.04249958326159543,]
translation = [ -663.9362643089673, 319.9337457196792, 382.79777193069407,]

[cam_2]
name = "C"
size = [ 1920, 1080,]
matrix = [ [ 1307.5188524176936, 0.0, 959.5,], [ 0.0, 1307.5188524176936, 539.5,], [ 0.0, 0.0, 1.0,],]
distortions = [ -0.11382257228257822, 0.0, 0.0, 0.0, 0.0,]
rotation = [ 0.03461769524166952, 0.021864667773964352, -0.04080242025661082,]
translation = [ -166.91759214539832, 47.50516554619824, -24.649070013024065,]

[metadata]
