[cam_0]
name = "A"
size = [ 1920, 1080,]
matrix = [ [ 1270.7674712648811, 0.0, 959.5,], [ 0.0, 1270.7674712648811, 539.5,], [ 0.0, 0.0, 1.0,],]
distortions = [ -0.3749555754396551, 0.0, 0.0, 0.0, 0.0,]
rotation = [ -0.022110357511279915, 0.012121369593590477, -0.0003137765695459534,]
translation = [ -41.01745149233492, -70.5257540698932, -1041.7851266732619,]

[cam_1]
name = "B"
size = [ 1920, 1080,]
matrix = [ [ 1347.9287113759835, 0.0, 959.5,], [ 0.0, 1347.9287113759835, 539.5,], [ 0.0, 0.0, 1.0,],]
distortions = [ -0.39004908772198077, 0.0, 0.0, 0.0, 0.0,]
rotation = [ 0.06017861550426207, -0.6485153202076139, -0.2164390574878857,]
translation = [ 1839.9394154229985, -122.78739761983095, -209.83760233525345,]

[cam_2]
name = "C"
size = [ 1920, 1080,]
matrix = [ [ 1303.9009195420183, 0.0, 959.5,], [ 0.0, 1303.9009195420183, 539.5,], [ 0.0, 0.0, 1.0,],]
distortions = [ -0.12252217583244863, 0.0, 0.0, 0.0, 0.0,]
rotation = [ -0.05254925446029278, 0.2015439431557804, -0.08411497931583402,]
translation = [ -1344.120608556306, -185.415616971023, -827.0860186758061,]

[metadata]
